5.6487 -0.79169
3.501 -1.9022
5.4812 -1.4879
3.5014 -4.7651
9.0167 1.5953
8.8384 0.5806
3.4555 -2.5731
2.9175 -2.0931
3.6949 -2.3784
6.1501 0.24391
8.8608 -1.7873
6.6112 -0.075368
9.5203 2.5484
6.0869 1.3377
3.1648 -3.1023
6.7229 0.86593
1.2046 -4.0989
3.4437 -2.1853
5.4424 -1.3409
5.9959 -1.1359
9.0861 -0.56867
4.4882 1.3832
2.1164 -2.3609
7.6462 -0.36581
5.5263 0.020812
6.6035 -1.282
7.5661 -0.68467
0.99436 -3.1709
6.043 -1.8805
4.5312 -0.50235
3.8225 -0.58703
3.4156 -2.5592
4.0323 -0.76992
4.77 1.5159
5.3386 -0.32275
5.1761 0.23326
2.0294 -1.9322
4.3937 0.19418
4.3517 -4.1669
4.0062 -2.358
4.8525 -0.12535
1.0652 -3.4748
5.5831 -2.9193
4.1587 -2.7706
5.7257 0.35893
2.6423 -0.18952
5.7178 0.045072
3.5366 -2.2975
5.1095 -1.3079
4.4691 -1.0033
6.0277 -0.43054
1.6521 -1.2663
0.66694 -2.4831
3.1875 0.6217
1.5528 -3.4706
3.6164 -1.6171
6.97 0.84127
2.7081 -0.21173
6.8559 -0.19673
2.4562 -1.6307
4.4065 -2.5862
4.3618 -0.37834
6.0468 -0.82926
3.1002 -0.54748
4.7492 -1.5473
5.6122 0.29877
2.1331 -2.3647
5.1513 -2.314
4.9411 -2.2259
5.7834 -0.56256
7.4417 0.991
4.2697 -0.30477
2.8056 -1.6292
4.5796 -1.6079
1.844 -2.5256
6.7227 0.32258
3.7715 -0.79432
5.4286 -0.1306
6.5993 -1.9079
7.8299 0.77121
4.4148 -1.293
5.8655 1.5661
7.5983 -0.56616
7.1131 -1.7726
5.9623 -0.28773
5.3448 -1.4796
5.1523 -2.613
5.2191 -0.30718
8.283 0.66784
2.3832 -3.3118
5.8021 -0.389
5.6068 -2.7496
1.7334 -3.5221
5.0789 -1.623
3.1547 -2.7772
3.9543 -3.589
2.8013 -3.5779
0.9042 -1.0173
6.3371 -1.6944
3.5874 -0.11459
7.8804 0.46215
6.2547 -1.6636
-0.32851 -0.67309
8.0838 1.9206
7.3753 -1.1845
5.7574 0.71518
6.7167 -1.3273
5.977 -2.1895
4.5226 -1.7863
0.066544 -2.2233
1.2749 -1.4526
8.5096 -0.023858
3.5681 -3.313
5.5874 0.15125
4.5731 -0.90722
5.3927 -2.1144
5.4398 -0.69969
6.3185 0.57465
3.945 -3.1373
5.4568 -1.7061
4.0004 -1.3906
5.9921 1.746
5.513 -0.40405
7.7842 -0.091442
7.4471 -0.29164
3.4563 -1.0475
6.8739 -0.6495
3.7383 -2.9199
6.4695 -0.6867
7.5272 0.77035
7.4403 1.5658
2.291 -1.5463
3.8608 -1.5769
9.5789 2.1245
8.0343 -1.1877
6.4825 1.3023
4.2806 -0.48319
5.1719 -2.0616
3.7973 -2.323
6.293 -0.64088
4.8637 -0.95477
4.497 -1.1732
9.3026 2.3345
6.673 -1.4652
2.9713 -1.1988
4.3441 -1.5673
7.2077 -0.53523
2.402 -0.97304
2.3611 -2.9427
3.3191 -1.6158
5.2098 -2.4731
5.0938 0.16783
8.0942 1.4424
4.6323 -2.2308
4.4255 -1.8405
6.2645 -2.2161
6.7351 1.642
5.4741 -2.1036
5.4674 -1.7001
7.5833 -1.0955
3.4216 -2.1107
5.0779 -0.85732
8.9148 0.77776
5.0256 -0.54477
4.7983 1.5792
2.2056 -3.0696
6.1332 0.89841
2.9079 -2.8253
6.7073 0.30722
3.2954 -2.3681
5.3056 -1.0333
2.105 -0.050579
5.2002 -2.4019
5.4165 -1.1258
2.4818 -2.4939
4.7358 -0.43097
6.3135 0.75085
7.0479 0.26864
2.8668 -2.9326
8.9056 -0.69319
8.3645 1.0188
5.1303 -0.026881
6.3986 -0.81559
5.2007 0.36498
5.0208 -1.468
4.255 -1.7047
5.3329 0.93661
4.7404 -0.34833
4.2517 -1.9718
3.377 -1.8862
4.339 -0.71671
5.2415 -1.7475
4.2573 -1.202
1.0287 -3.7052
9.2961 -0.25662
4.2579 -0.8887
2.8093 -1.2078
-5.0011 -4.789
7.4929 0.72975
1.4395 -3.101
7.7216 -0.58091
2.5319 -3.1473
3.6063 -2.9711
-0.055432 -3.9013
7.7769 -0.47178
10.968 0.052307
7.522 -0.3806
6.7938 0.15879
6.7555 -0.30182
5.4942 -1.9415
1.4844 0.25234
10.34 2.8813
4.8401 -2.4385
0.45264 -2.7262
9.2637 0.00080037
9.8891 3.5505
7.0744 1.4422
3.221 -0.78587
4.6325 -1.6282
8.0564 2.1145
4.8514 0.087341
8.214 -0.24634
4.1031 0.029741
3.9621 -0.7611
6.8639 0.14821
4.3894 -0.7023
3.4019 -2.2846
5.3294 -0.83083
4.3312 -0.27498
5.6319 -0.54483
3.5347 -2.6009
4.7266 0.22082
7.26 -0.26008
7.1212 -1.398
8.0453 0.6756
3.1722 -2.6495
5.2752 -1.1769
5.9715 -0.11751
6.7677 -1.8038
7.4422 -1.1171
6.0872 0.80442
7.1933 1.1542
5.3112 -1.7582
2.4711 -1.5948
9.1162 2.6838
2.4616 -2.5309
9.2572 0.56382
4.9733 -2.2775
3.7667 -0.51532
5.1134 -0.78377
7.7748 0.30235
9.6788 -1.7341
8.8922 -0.61842
5.7271 -3.2234
7.1291 -0.86491
2.2408 -1.7915
5.0761 -1.6513
5.0318 -0.16668
5.3329 -1.6786
7.6334 2.1054
5.623 0.76809
6.9836 0.18082
6.5609 -2.1546
5.4317 -2.238
7.0244 -2.3787
5.151 -1.1024
4.9635 -2.3132
2.977 -2.7169
2.3508 -3.1474
6.6721 -1.6976
10.32 2.1953
6.4836 -1.832
8.2464 0.12618
4.8509 -0.73604
5.9765 1.6543
10.245 1.9329
6.8317 0.061214
6.854 -0.25107
5.3752 0.39971
3.8902 -0.36919
4.4306 0.36308
5.4865 -1.364
5.9253 -1.8137
7.5015 -1.089
8.0437 0.83809
4.3649 -2.3795
6.0568 0.1112
7.2581 -0.60868
6.8958 -1.2014
2.1669 -3.1851
2.8628 -2.4598
2.0764 -2.9594
6.2817 0.16921
-1.5125 -3.2687
8.0509 -1.047
5.2493 1.2775
4.0357 -2.0567
6.2982 -1.252
5.8996 1.2737
4.9037 -2.8733
3.4373 -0.38441
3.5603 -2.8696
4.1839 -2.9559
7.6442 0.5496
6.3516 -0.63255
8.3336 2.1397
4.0717 -0.88405
5.8114 -0.5426
1.6664 -3.2527
4.9629 -1.0193
1.2244 -4.2959
6.2996 -0.54313
3.4993 -1.8567
7.7518 -1.4122
3.5416 -0.83524
2.5243 -2.7971
6.3966 0.42363
8.071 0.43429
3.3694 -1.5583
7.1232 -1.077
2.9837 -2.7371
4.9911 1.2047
0.40914 -2.5934
2.8244 -2.8185
3.0583 0.035385
0.63196 -0.25713
7.2559 -0.19408
6.4773 0.80528
9.0463 2.819
2.8771 -1.7792
4.5632 -0.13342
9.4431 0.80859
2.5083 -1.7725
7.6403 0.0031119
5.3658 -0.139
5.1417 -1.5923
3.4401 -1.8682
1.5934 -1.093
2.7498 -1.3999
3.8855 -1.8316
2.6719 -1.3899
3.4288 -2.7505
8.6686 -0.77216
5.646 -0.68082
0.85688 -3.962
6.063 -0.021276
3.5322 -1.3242
1.705 -2.6579
5.1785 -0.78331
5.9119 -1.0186
3.3658 -1.8563
0.70636 -4.4992
2.3855 -2.7667
9.0276 3.1944
4.2211 -0.85647
4.8455 -2.1945
3.4737 -1.2219
2.421 -2.2315
4.1324 -1.1684
8.0732 0.59522
3.5813 -0.86281
3.5799 -0.57774
2.8881 -1.8253
6.6887 1.0579
2.8065 0.70898
4.2645 -1.0424
6.5539 -0.85608
5.9714 -0.82557
7.4888 -0.45421
2.6851 -1.0883
4.8494 -0.9585
6.2015 -0.18651
2.2523 -1.3727
8.8287 0.82423
4.1331 -1.7346
1.6596 -3.1289
3.9391 -1.1997
5.7594 -3.3
4.2876 0.012401
6.4492 -1.2154
6.0321 -1.2014
6.0795 0.040986
7.4276 -1.6836
5.4702 0.0837
2.0111 -0.88796
6.0422 -2.3828
5.7103 -1.7141
5.7876 -0.99037
4.913 0.60059
6.8603 0.43073
5.3302 -0.59741
3.2099 -2.0204
9.4035 0.92847
3.3028 0.097831
4.3828 0.40487
4.5059 -0.51536
3.7387 -3.2642
0.75491 -3.0162
5.0838 -0.28852
5.5725 -0.67861
3.2537 -0.079864
6.2085 -1.4494
2.1048 -2.9851
3.5077 -1.903
5.5303 -0.044043
9.1542 -0.66002
2.246 -2.1229
7.8819 0.9028
5.9266 1.2565
5.598 -0.93538
3.5607 -0.58223
8.7327 -1.2768
6.8632 -0.3474
5.6281 0.55146
5.1464 -1.8562
4.902 -2.6234
-0.42865 -4.9832
1.4319 -1.4602
7.7358 -0.53505
4.7863 0.057666
3.1251 -1.2783
1.8116 -3.1725
4.2424 -2.3264
6.9264 1.3206
4.2278 -1.0383
6.3028 0.70014
4.2092 -1.9774
3.2697 -1.8512
4.2524 -1.8837
6.741 -1.1559
6.4056 0.34037
5.8443 -0.21984
0.71843 -2.0513
5.3633 -1.9722
-1.3233 -3.9296
5.3692 -1.5804
5.146 -1.1443
7.0709 -0.4453
0.63209 -1.1854
2.6558 -2.738
3.6141 -0.26082
6.8573 -1.3712
6.3238 -0.87154
8.1406 2.4643
4.0641 -1.0066
4.5632 -0.49263
3.5242 -3.2666
3.0454 -0.93443
6.5958 -0.60802
6.5511 -1.1148
3.9272 -0.60328
5.0844 0.82026
6.0481 1.6046
2.3584 -0.10133
4.0103 -2.7827
3.5369 0.48946
9.5278 -0.12597
5.2918 -0.67259
5.6445 -0.76704
7.2979 -0.42426
4.2415 -2.3075
5.1865 0.69318
5.4391 0.68318
7.147 -0.041375
7.2074 0.30751
2.1332 -1.4924
7.8734 0.5267
9.049 0.92821
6.8481 -0.077828
-1.2327 -3.2914
2.0406 -2.6418
5.3638 -0.69579
7.0663 -1.3172
3.4099 -3.6638
7.9097 0.39194
6.857 -1.0122
0.31437 -2.4401
4.4031 -0.54432
7.5167 0.13399
0.8279 -3.2136
8.244 1.3552
5.8088 -3.3164
6.3824 -1.0186
7.3017 0.15513
5.4737 0.53853
0.33144 -3.6366
3.7243 -0.98759
3.0373 -0.099232
6.4321 -0.75522
2.9444 -2.7513
4.4008 -2.6748
3.815 -1.9009
1.8365 -1.2645
8.1411 0.15123
3.676 -2.4996
6.6521 -0.69463
2.1369 -0.70598
6.9216 0.026689
4.4982 -0.83318
9.4505 1.8727
