3.8934 7.0375
3.6884 3.3154
3.1132 5.8855
4.2524 4.8533
4.0238 7.0316
3.2654 0.21153
3.3247 0.64566
2.7038 5.1646
2.3932 7.0615
3.2181 1.2513
3.862 3.8257
4.4192 9.2905
3.1579 4.5302
3.2267 3.8147
3.1995 4.4983
3.1431 5.1715
1.7322 2.2646
3.0623 10.153
4.6709 5.8799
2.5963 7.8569
2.8415 5.6672
3.119 4.0656
4.1473 6.2055
3.8005 4.7795
3.197 4.6773
4.3893 5.1338
4.404 2.8494
3.1476 3.2828
1.6207 4.1166
5.163 5.8643
1.561 3.1421
4.3663 -1.0391
2.9611 1.0977
3.3391 7.6472
3.1908 2.8564
2.8236 2.1513
3.8551 1.1773
3.1275 6.3043
3.2115 8.8079
3.212 -1.2613
4.1502 5.0413
2.9533 6.087
3.0664 2.4529
2.6683 5.1553
3.1853 4.7232
2.4871 4.4905
3.0169 2.442
5.8241 3.6348
3.4188 -0.39581
2.8964 4.6717
2.0313 4.8368
4.1626 3.3555
3.1054 6.429
4.6629 5.2646
3.8423 4.2404
2.9174 1.6965
3.019 2.8495
3.9739 7.8686
3.0169 6.5427
4.2337 1.2491
4.4158 -1.5762
3.5862 5.6617
3.3005 6.6005
4.1162 3.7644
4.6164 4.6462
2.7676 3.8877
4.1584 6.8691
5.6122 5.6629
4.4587 8.1342
3.0213 0.87772
5.9322 6.3365
3.3788 0.58293
3.0784 4.7523
3.6017 6.4628
2.3435 4.3545
2.9221 3.515
2.256 6.0964
2.7553 4.4609
3.4355 2.5249
3.821 3.7556
2.7527 1.0704
4.3762 -2.7291
4.7131 4.0707
3.4188 8.685
3.8375 5.0452
3.778 0.65993
4.8142 5.6665
2.9573 5.413
3.5915 4.6117
2.3293 0.93411
4.6411 4.971
4.0668 3.3194
3.7118 5.2672
4.1612 6.1074
2.5162 6.2152
3.5913 3.5662
1.4608 4.499
1.4548 1.4387
5.0954 5.8878
3.0853 1.6346
3.3057 3.616
4.3059 3.2754
3.1664 2.6799
4.9969 1.466
3.1261 7.2223
3.657 7.4654
3.0587 8.6224
3.7525 5.3505
1.8105 5.7125
2.7497 5.3891
1.644 3.9349
2.9238 7.1114
1.9882 4.5561
3.1389 4.2854
2.2518 7.5288
3.9574 3.5222
2.2303 4.8179
2.2327 5.3195
1.1973 6.9194
3.6153 4.8895
4.2498 4.7693
4.3462 5.3137
3.476 4.8835
2.8334 4.8967
2.4102 1.869
5.0478 3.5566
3.0046 4.7166
3.8871 3.8113
4.3629 2.8864
2.9125 7.4323
4.7448 7.1854
1.3522 5.4019
3.9532 7.1448
2.7926 2.6383
5.6484 2.2305
4.6403 2.1681
4.2789 3.7303
2.1553 5.0847
4.0265 -1.1862
2.6977 -0.33401
2.7616 2.8438
3.8177 3.9203
5.3941 3.3901
4.1904 1.7747
5.2421 8.4216
2.3915 4.0748
2.9568 3.3887
4.6641 2.5441
5.4296 2.3539
2.8377 7.2186
4.7195 7.2092
3.9902 5.2538
3.6581 8.1974
3.8653 5.5677
3.1695 1.1321
2.9131 6.2402
3.3943 5.2897
2.103 5.5019
4.8978 3.633
2.19 3.0699
1.8142 3.589
3.6888 5.558
5.7778 2.3502
4.3768 3.7513
4.7037 1.3326
3.599 3.5271
3.8302 4.5032
1.9567 2.5559
2.8106 0.56774
4.2762 5.3408
3.3469 4.619
3.9208 -1.2966
2.7374 3.5907
3.1625 3.2478
3.8829 4.9371
4.7769 3.8415
5.6617 2.6047
3.1998 4.2712
3.9628 5.7027
3.5092 4.4617
3.2284 -2.635
3.9493 3.9366
4.9114 3.0965
2.4864 10.601
4.3993 2.7463
4.0241 2.0326
5.198 5.6317
4.642 3.7335
5.3301 3.8301
3.7734 3.5198
2.6029 7.6296
5.4967 6.6674
3.5253 3.6337
2.2777 -0.24356
4.5346 0.74615
1.9341 -0.55111
2.6834 -0.64479
5.3688 8.0925
3.3269 6.8683
2.21 2.768
4.156 4.4365
3.4477 4.0248
4.415 5.9682
2.435 9.282
2.5191 1.8375
3.106 8.6365
2.8294 3.6496
3.4455 6.8372
2.4621 7.2692
3.8244 4.0294
2.9225 4.939
4.5985 2.3811
4.3375 4.9573
4.1686 3.1645
2.8546 6.0194
3.1456 4.8377
3.6659 -1.6323
5.0841 3.2302
2.232 3.7264
3.1062 4.5402
4.2564 4.5016
2.6084 7.1275
4.9055 1.6029
4.093 2.272
3.3249 5.2343
4.6247 4.1341
6.1505 0.70175
3.1235 2.3152
4.6825 8.2436
2.9337 0.31218
3.3029 5.7209
1.0278 5.5929
2.9588 2.2402
4.3879 4.9652
2.1886 5.0359
3.6922 2.7964
3.5986 6.1114
3.0349 3.0728
3.9182 1.5878
4.0112 4.1457
3.8013 1.2372
3.3068 7.6438
3.5272 1.962
1.4383 3.8076
2.9782 0.91209
6.4641 1.0975
4.4738 8.8644
3.3433 3.7013
2.7167 2.6234
4.223 6.1832
4.9445 -0.066098
1.6113 1.8378
3.1414 6.8139
4.1845 0.37506
2.9991 7.271
3.2353 -1.3129
4.547 5.1453
3.4932 7.5613
2.0702 6.206
3.8365 7.2047
4.6057 3.6952
4.2718 4.6288
5.6537 5.6344
3.8123 4.0365
4.8627 2.1111
2.8121 2.2469
3.7957 6.9206
3.2545 2.1062
3.2091 6.2416
2.6333 6.9622
4.6081 6.0786
2.6792 7.2477
3.7209 7.152
3.3993 3.3927
3.0821 6.0168
4.0327 2.7135
4.1344 3.3322
2.5328 4.6367
1.9607 5.5236
4.5798 3.2795
1.2501 5.4385
4.796 3.5119
1.388 5.9119
5.2621 8.6396
3.9184 2.0779
3.8242 5.8629
3.2551 6.7412
3.0887 3.8206
3.5563 0.91413
3.7245 0.8389
3.3756 2.3828
2.1448 3.497
3.7301 5.6078
3.1869 0.86197
5.4731 0.11573
3.5791 3.2667
2.7026 1.2568
2.9638 6.2807
2.443 0.43574
3.8927 4.6711
4.121 5.8165
4.0343 5.8964
6.1732 6.3021
3.0071 2.758
3.8479 6.0237
4.7073 6.3486
2.211 4.5035
4.355 5.2746
3.9115 7.3236
2.8634 4.6933
2.394 3.7782
3.5584 4.4819
3.5091 5.0328
3.7819 5.786
3.2933 0.95409
4.425 3.6198
5.2428 8.1287
4.6829 0.81184
3.0766 7.3601
3.1685 2.4536
2.6485 1.3538
2.801 8.5778
3.2519 7.225
3.6881 5.3314
1.7066 4.8795
3.6943 1.8337
4.7732 6.5423
3.0359 0.86943
5.3094 4.5038
3.9552 1.4658
4.3486 4.7334
3.3858 4.4017
6.4328 2.376
5.1665 5.2015
4.0423 4.5526
3.3052 2.0561
3.6599 9.5064
3.4352 3.8827
1.7432 5.9237
3.3188 3.268
3.9462 5.4839
3.0487 5.4485
2.5609 1.7296
3.4388 1.1291
4.0817 5.9123
0.75326 7.0503
5.1224 6.9117
2.5068 7.4062
3.1024 6.1167
3.9627 8.1452
3.0405 7.9381
3.3656 4.1834
5.8904 7.2215
4.0093 1.3805
2.688 7.8488
1.9057 -0.81243
2.9857 10.549
4.1525 1.5544
4.0863 2.636
4.1779 3.283
3.2845 3.5032
4.4167 5.9615
3.2434 2.5271
2.5435 2.9501
2.003 7.5749
5.6133 5.6598
3.638 4.0828
3.0154 4.0465
3.6181 2.1479
2.7263 5.2024
6.1338 8.3807
2.5347 9.3494
2.7033 4.5838
2.7815 5.2262
3.633 7.6003
3.6842 3.7996
4.2704 3.0863
4.4512 4.9088
3.3874 3.9864
3.0168 5.5816
2.1806 4.664
3.2922 6.9294
2.7052 4.5895
3.5863 3.9663
3.2089 4.4871
4.3222 7.6746
4.6931 5.8679
3.4349 5.6911
3.0205 7.6884
5.6045 2.8516
2.375 5.0382
2.2015 5.5303
2.7287 6.4292
2.7904 0.69669
4.3853 8.0607
3.816 3.5006
1.6755 1.9893
3.1201 5.5734
4.4869 7.1446
5.0108 3.6254
3.5169 1.548
3.6935 3.9444
3.8972 5.0078
3.1042 2.6045
4.0558 10.271
3.4343 3.0375
4.3651 6.156
3.775 3.9251
4.3886 2.4969
1.4151 0.083145
3.6016 8.0514
3.2611 5.7105
2.8461 -0.1713
3.9436 3.9795
2.9478 6.1199
4.1245 4.5373
4.6565 3.7694
2.4521 4.5593
1.449 5.4015
3.9346 2.9731
1.7328 7.8767
4.4294 6.3689
4.4343 1.7637
3.8726 4.5686
3.0384 6.4987
2.8625 2.2758
4.1567 0.03119
3.2269 -0.34598
1.5092 8.9267
2.2994 3.431
2.6066 5.6762
1.9109 4.2773
4.8987 4.83
5.0622 0.86097
2.0795 3.7523
2.8743 3.3468
2.7528 4.993
3.9613 7.2096
3.0174 3.289
1.3221 6.6645
4.3339 3.837
5.893 5.3182
2.2855 0.47235
3.2031 6.6107
4.1762 8.29
3.3988 3.3349
2.8516 3.2578
2.1525 0.18265
3.3665 5.6439
2.6009 5.4807
2.4708 5.2341
2.8233 2.1569
3.0585 7.9444
3.5496 1.887
3.2945 4.4161
3.7853 6.7308
4.6421 9.0167
3.0101 6.7858
1.6169 5.5244
2.7265 3.5165
2.6917 -2.5741
2.7424 7.9727
4.1617 4.4985
4.5345 3.54
4.7699 2.5213
4.9117 1.9291
3.3069 3.3527
5.5739 6.6045
5.0687 2.6812
3.6283 3.017
3.7094 1.5326
3.4675 5.5865
3.5482 -0.56125
3.219 8.3689
3.75 9.3326
3.5337 6.4325
5.702 6.9358
4.5247 3.3595
2.5038 12.214
2.0292 4.0761
4.0357 5.7184
3.8776 5.9914
2.0001 8.2633
3.4938 6.0784
4.1858 0.23249
3.7503 3.4833
5.1137 3.4884
5.0246 10.148
1.7155 4.7627
5.2015 4.7417
2.1752 6.0858
3.1425 2.8086
2.6134 7.5697
4.1672 4.9651
3.6774 5.8243
2.3404 4.316
3.6724 3.109
3.8971 5.4702
4.6927 1.9506
3.5848 2.8704
