0.96367 1.0359
0.46145 -0.4836
-0.94735 0.56562
1.843 0.14423
1.2829 1.0335
-0.57475 -1.7508
-0.42934 -1.5735
-1.9503 0.27132
-2.7111 1.0457
-0.69051 -1.3263
0.88668 -0.27529
2.2517 1.9557
-0.83793 0.012327
-0.66937 -0.27977
-0.73605 -0.0006999
-0.87419 0.27413
-4.3301 -0.91259
-1.0722 2.308
2.8682 0.56335
-2.2137 1.3705
-1.6129 0.47653
-0.93323 -0.17733
1.5855 0.69625
0.73603 0.11412
-0.74218 0.072368
2.1784 0.25876
2.2145 -0.67386
-0.86323 -0.49691
-4.6032 -0.15653
4.0735 0.55696
-4.7497 -0.55438
2.1219 -2.2613
-1.3199 -1.389
-0.39412 1.2848
-0.75734 -0.67098
-1.6568 -0.95884
0.86993 -1.3565
-0.91242 0.73661
-0.70659 1.7587
-0.70536 -2.3521
1.5927 0.22099
-1.3391 0.64789
-1.0622 -0.83571
-2.0373 0.26751
-0.77081 0.091101
-2.4811 -0.0038803
-1.1833 -0.84017
5.6929 -0.35323
-0.19879 -1.9987
-1.4785 0.070109
-3.5976 0.1375
1.6231 -0.46722
-0.9666 0.7875
2.8486 0.31214
0.83834 -0.10597
-1.4271 -1.1445
-1.1782 -0.67382
1.1608 1.3752
-1.1833 0.83392
1.7971 -1.3272
2.2432 -2.4806
0.21114 0.47425
-0.48862 0.85752
1.5093 -0.30032
2.7347 0.059693
-1.794 -0.24998
1.6127 0.96718
5.1738 0.47474
2.3484 1.4837
-1.1725 -1.4788
5.9578 0.74973
-0.2968 -1.5991
-1.0327 0.10301
0.24906 0.80129
-2.8329 -0.059404
-1.4155 -0.40212
-3.0471 0.65172
-1.8242 -0.015973
-0.15795 -0.80633
0.78625 -0.3039
-1.8305 -1.4001
2.1462 -2.9513
2.9715 -0.17526
-0.19889 1.7085
0.82681 0.22259
0.68102 -1.5677
3.2191 0.47624
-1.3293 0.37272
0.22402 0.045621
-2.8676 -1.4558
2.7951 0.19228
1.3884 -0.48196
0.51883 0.31321
1.6197 0.65621
-2.4099 0.70022
0.22375 -0.38123
-4.995 -0.00040585
-5.0098 -1.2498
3.908 0.56658
-1.0159 -1.1698
-0.47584 -0.36089
1.9741 -0.49995
-0.81712 -0.74303
3.6667 -1.2386
-0.91583 1.1114
0.38447 1.2106
-1.081 1.683
0.61856 0.34722
-4.1384 0.49499
-1.8379 0.36297
-4.5463 -0.2307
-1.4115 1.0661
-3.7031 0.022903
-0.88451 -0.087629
-3.0574 1.2365
1.1205 -0.39917
-3.11 0.12979
-3.1043 0.33455
-5.6405 0.98772
0.28242 0.15901
1.8366 0.10995
2.0728 0.3322
-0.058874 0.15656
-1.6329 0.16196
-2.6695 -1.0741
3.7913 -0.38514
-1.2134 0.088421
0.94829 -0.28118
2.1136 -0.65873
-1.439 1.1971
3.049 1.0963
-5.261 0.36821
1.11 1.0797
-1.7329 -0.76002
5.2625 -0.92653
2.7932 -0.95198
1.9079 -0.31422
-3.2937 0.23871
1.2896 -2.3214
-1.9652 -1.9735
-1.8086 -0.67614
0.77818 -0.23667
4.6396 -0.45313
1.6911 -1.1126
4.2672 1.601
-2.7152 -0.17358
-1.3305 -0.4537
2.8515 -0.79851
4.7266 -0.87613
-1.6223 1.1099
2.9871 1.106
1.2007 0.30773
0.38719 1.5095
0.89491 0.43589
-0.8096 -1.375
-1.4376 0.71042
-0.25892 0.32238
-3.4218 0.40902
3.424 -0.35394
-3.2088 -0.58385
-4.1294 -0.37192
0.46239 0.43192
5.5794 -0.87767
2.1478 -0.30566
2.9485 -1.2931
0.24257 -0.39717
0.80881 0.0013045
-3.7803 -0.79367
-1.6886 -1.6053
1.9014 0.34325
-0.37501 0.048587
1.0308 -2.3664
-1.868 -0.37121
-0.82679 -0.51122
0.93786 0.17846
3.1277 -0.26885
5.2951 -0.77377
-0.73531 -0.09339
1.1337 0.491
0.022458 -0.015619
-0.66521 -2.9129
1.1005 -0.22999
3.4571 -0.57297
-2.4829 2.4905
2.2028 -0.71594
1.2837 -1.0073
4.1594 0.46201
2.7973 -0.31292
4.4829 -0.27347
0.6697 -0.40016
-2.1975 1.2777
4.891 0.88485
0.062092 -0.35368
-2.9939 -1.9365
2.5343 -1.5325
-3.8357 -2.0621
-2.0002 -2.1004
4.5777 1.4666
-0.42409 0.96686
-3.1598 -0.7071
1.6068 -0.025927
-0.12816 -0.19401
2.2414 0.59937
-2.6087 1.9523
-2.4028 -1.087
-0.96515 1.6887
-1.6427 -0.34717
-0.13354 0.95414
-2.5422 1.1305
0.79469 -0.19214
-1.4146 0.17921
2.6908 -0.86505
2.0514 0.18671
1.6377 -0.54521
-1.581 0.62028
-0.86816 0.13788
0.40642 -2.5035
3.8803 -0.51841
-3.1061 -0.31582
-0.96471 0.016406
1.8528 0.00063966
-2.1839 1.0727
3.4427 -1.1827
1.4526 -0.90959
-0.42893 0.29978
2.7549 -0.14937
6.4924 -1.5506
-0.92231 -0.89194
2.8965 1.5283
-1.3871 -1.7097
-0.48276 0.49842
-6.0557 0.44619
-1.3256 -0.92256
2.1749 0.18993
-3.2122 0.21878
0.47081 -0.69548
0.24145 0.65785
-1.1391 -0.58266
1.0245 -1.1889
1.2523 -0.14464
0.73801 -1.332
-0.47325 1.2835
0.066584 -1.0361
-5.05 -0.28266
-1.2782 -1.4648
7.2606 -1.3891
2.3854 1.7818
-0.38386 -0.32605
-1.9187 -0.76613
1.7709 0.68715
3.5383 -1.8641
-4.6264 -1.0868
-0.87833 0.94465
1.6768 -1.684
-1.227 1.1313
-0.64849 -2.3731
2.5645 0.26345
-0.016708 1.2498
-3.5022 0.69646
0.82424 1.1042
2.7085 -0.32855
1.8905 0.052593
5.2755 0.46313
0.76488 -0.18922
3.3378 -0.97528
-1.6849 -0.91984
0.7243 0.98822
-0.60129 -0.97726
-0.71268 0.71099
-2.1231 1.0052
2.7144 0.64445
-2.0106 1.1217
0.54106 1.0827
-0.24663 -0.45206
-1.0237 0.61924
1.3048 -0.72933
1.5541 -0.47674
-2.3693 0.055797
-3.7705 0.41787
2.6449 -0.49828
-5.5112 0.38315
3.1746 -0.40339
-5.1734 0.57642
4.3162 1.69
1.0249 -0.98881
0.79406 0.55641
-0.59987 0.91497
-1.0075 -0.27737
0.13795 -1.4639
0.54982 -1.4946
-0.30463 -0.86435
-3.3195 -0.40949
0.56373 0.45226
-0.76699 -1.4852
4.8331 -1.7899
0.19388 -0.50351
-1.9531 -1.324
-1.3135 0.72698
-2.5891 -1.6592
0.96201 0.06984
1.521 0.53746
1.3086 0.57008
6.5479 0.73569
-1.2073 -0.71118
0.85226 0.62206
2.9572 0.75468
-3.1575 0.0014096
2.0943 0.31623
1.0079 1.1527
-1.5594 0.078896
-2.7091 -0.29469
0.14293 -0.0074057
0.022343 0.2175
0.69046 0.52499
-0.50643 -1.4476
2.2659 -0.35934
4.2689 1.4814
2.8975 -1.5057
-1.0371 1.1676
-0.81191 -0.83543
-2.0858 -1.2844
-1.7121 1.6647
-0.60776 1.1125
0.46069 0.33942
-4.3929 0.15495
0.47582 -1.0885
3.1187 0.83376
-1.1368 -1.4822
4.4322 0.0015397
1.115 -1.2387
2.0786 0.095304
-0.27963 -0.04012
7.1839 -0.86712
4.0822 0.28641
1.3285 0.021483
-0.47712 -0.99772
0.39166 2.0439
-0.15871 -0.252
-4.3032 0.58124
-0.44375 -0.50295
1.0929 0.40166
-1.1054 0.38722
-2.3003 -1.131
-0.14992 -1.3762
1.4248 0.57656
-6.7281 1.0412
3.974 0.98458
-2.4328 1.1865
-0.97391 0.66001
1.1333 1.4881
-1.1255 1.4036
-0.3293 -0.12927
5.8552 1.1111
1.2476 -1.2735
-1.989 1.3671
-3.9053 -2.1688
-1.2597 2.4696
1.5982 -1.2025
1.436 -0.76096
1.6605 -0.49685
-0.52784 -0.40694
2.2454 0.59664
-0.62864 -0.80544
-2.343 -0.63276
-3.667 1.2553
5.1765 0.4735
0.33801 -0.17032
-1.1871 -0.18516
0.2893 -0.96025
-1.8951 0.28676
6.4514 1.5843
-2.3644 1.9798
-1.9516 0.034227
-1.7599 0.29648
0.32587 1.2657
0.45131 -0.28596
1.887 -0.57715
2.3301 0.16689
-0.2757 -0.20968
-1.1836 0.44156
-3.2318 0.066944
-0.50903 0.9918
-1.9468 0.036552
0.21137 -0.2179
-0.71305 -0.0052797
2.014 1.296
2.9225 0.55844
-0.15937 0.48626
-1.1745 1.3017
5.1549 -0.67295
-2.7557 0.21972
-3.1806 0.4206
-1.8894 0.78759
-1.7382 -1.5527
2.1686 1.4536
0.77405 -0.40801
-4.469 -1.025
-0.93049 0.4382
2.4175 1.0797
3.7006 -0.35705
0.041324 -1.2052
0.47398 -0.22681
0.973 0.20732
-0.96944 -0.77385
1.3614 2.356
-0.16101 -0.59707
2.119 0.67605
0.67364 -0.23471
2.1765 -0.81774
-5.1069 -1.8032
0.24894 1.4499
-0.58508 0.4942
-1.6017 -1.9071
1.0866 -0.21251
-1.3526 0.66132
1.5298 0.015216
2.8328 -0.29825
-2.5668 0.024221
-5.0238 0.36803
1.0647 -0.62336
-4.3286 1.3785
2.2766 0.76296
2.2886 -1.1171
0.91274 0.028005
-1.1307 0.81598
-1.5616 -0.90804
1.6086 -1.8244
-0.66904 -1.9784
-4.8765 1.8072
-2.9407 -0.43641
-2.1885 0.4802
-3.8925 -0.09093
3.4261 0.13472
3.8266 -1.4856
-3.4796 -0.30526
-1.5327 -0.4708
-1.8302 0.20128
1.13 1.1062
-1.1821 -0.49439
-5.3348 0.88367
2.0427 -0.27068
5.8617 0.33402
-2.9748 -1.6443
-0.72716 0.86171
1.6562 1.5473
-0.24781 -0.47566
-1.5882 -0.50714
-3.3007 -1.7626
-0.32701 0.46701
-2.2023 0.40036
-2.5211 0.29968
-1.6576 -0.95655
-1.0813 1.4062
0.12158 -1.0667
-0.50337 -0.034267
0.69879 0.91071
2.7977 1.8439
-1.2 0.93318
-4.6126 0.41822
-1.8947 -0.40153
-1.9799 -2.888
-1.8557 1.4177
1.6209 -0.00059697
2.5341 -0.39193
3.1106 -0.80781
3.4578 -1.0496
-0.47295 -0.46839
5.0799 0.85916
3.8425 -0.74252
0.31421 -0.60545
0.5129 -1.2114
-0.079489 0.44355
0.11797 -2.0662
-0.68821 1.5795
0.61237 1.9729
0.082485 0.78895
5.3938 0.99441
2.51 -0.46562
-2.4403 3.1491
-3.6027 -0.17305
1.3121 0.4974
0.92486 0.60887
-3.6741 1.5363
-0.015104 0.64438
1.6798 -1.7422
0.61307 -0.41506
3.9527 -0.413
3.7346 2.306
-4.3711 0.10725
4.1677 0.098656
-3.2451 0.64739
-0.87576 -0.6905
-2.1716 1.2532
1.6342 0.18986
0.43462 0.54065
-2.8405 -0.075101
0.42232 -0.56788
0.9727 0.39609
2.9216 -1.0408
0.20776 -0.66528
